0.0001570735650162322665135640376447116865199722041950691733461980611654892015167992105944815119212885622
0.0001570874870537097055722219928798088999026340442848654702788223009878681921959442505790993813805279352
0.0001570945101416854181219621881444862454628839848378786254839995725612211433398858432022117299649609581
0.0001570992700880998281602938390791491710648408252430144581465650290335525136856611341532833117800072982
0.0001571028897560487002711161683201116113118244303058667143293543156982743996876997053339903794073971099
0.0001571058169821665398505195239603281148986468516017640107684226085469398352885958097449430716723101378
0.0001571082771230795315563834653653635796862676519069842038278463488820288035170600109744347271824074916
0.0001571104001326946337490589595926698874814457702918531413474777479113774661734149681429179556631508539
0.0001571122680035462300950864715395143449721843131670821036972932338652720229167406827762000553323445959
0.0001571139358886706152740979450498939139473416842745192995466863885132566664451280067822643758193797935
0.0001571154427123434522923601580250325829368939779542005712501021922356314593863791638633851787881469445
0.0001571168169926896461244290625966247718479264432946655258524596838243697294085042018052581245811431879
0.0001571180802602995124849383008070942044124621713682767547583720177778399992400728274712612048075551827
0.0001571192491757338904854392297904347639268925681835734714230801533034139192692571384866222217379974225
0.000157120336899399107695647331556917235984448774702146963800113594900604451395310132150510260831058149
0.0001571213540103011594188453307197193474966863278780379063482382683531082358350175879203672405416796778
0.0001571223091412741134462232970525047698439690856749594420674782304672429844270559581478207780460626406
0.000157123209429759221492617622545775428729061534739573103660622775089691064699517931888478610016177285
0.0001571240608449822949118248706131693781100934022143665598863109958889241685906725426702551983989370434
0.0001571248684301463260345723629219858068419006405361446647482257775426281350131021383200234225231313842
0.0001571256364848585697289472482615460743152090874902946607750753342434335285562033280346029882017227352
0.000157126368704680931879619712443360851236032453674973961622971808091848600355572054257202265894501871
0.000157127068289368570370992500854752598521466002848002592471171742500696825270010284548332383843683564
0.0001571277380278750044184173170706475528250554970878468356294856212838252595811889479745736081295720109
0.0001571283803658682786040993169196920080435676434131594607688234020164416983171774355146835590503355585
0.0001571289974599096500194623419099983663969326253046159624584238191124706601182354013782021806536501003
0.0001571295912213392849975821121581289917958041897416069197450032660718509180146820591302325920735408062
0.0001571301633521317061049456229374364769824485691861921363908562777876392038198011693106356933875860044
0.0001571307153744234501295054946619251984695872233867659329856603428395439990232274526426547268458710014
0.0001571312486550083659402995597863280991212012680334799623718921701563283407439012301387470393067121132
0.0001571317644257965692628669485147057342533949645070299613105924772630377404233861794880367462170381331
0.0001571322638010102719659640981866724854965204828104206610452130785125651220129777019079431574073757774
0.0001571327477917221331047051709309795974804457139819802776996198925098302983341481833868593697519289232
0.00015713321731821449000166595394296027983518410459125240150461639078172319519607261583500363834105136
0.0001571336732205402385617723766487772892862197207503711506279690029391454334915678218000538847148138016
0.0001571341162675906637498740761810148909077132525624202156208249466924364009192397587590926191699572252
0.0001571345471649166854063759744696900850968341952330540772140581859863185217535105775517435171058814854
0.0001571349665615037661076771619065312555653001760869696534964674140562763206961620087066885453577426847
0.0001571353750556641607115984179368223195955283175668916081765726092615857426612324329262840089657457799
0.0001571357732001810609256950508460437848343228974646403474310106035753258357049120087875646318809347432
0.0001571361615068158409259208303371636787162512331742394347002097482895839990093659141394418280696344044
0.0001571365404502707825013433633579537676130433914817402469464270135220887556158901754746664740988221803
0.000157136910471684388951869456354944217648402926925401736443046905773294544714203479844238608497737432
0.000157137271981723946646039979610283381154332088017991847132974574692450499766857277282014546888596606
0.0001571376253633297892902493405045970378944162906285995145963827382953362004779386279423200455608097718
0.0001571379709741573164690808601241650650386393384962169889363224471344572414023622545108810933023020436
0.0001571383091487558651236346294247530840001355333160641103152728189831826540201419537649496160121439805
0.0001571386402005177545036655537470996409249643835373931346551020337385849158382813567371435989121542846
0.000157138964423426003013527407042673696319098111316131493895690010237158523809549095438688634586610444
0.0001571392820936251748775948786994968896407962642169417819552568197655486450614519915773905642191334995
0.0001571395934708364159387953944387816126937616437521416842691988792843676936802666332675271463865690888
0.0001571398987996348686600970409057704587400329593883416253603898812827338511467482228091707072497598157
0.0001571401983106052255098112800013673968926592568121699170564376281568565737242832567639901256776103012
0.0001571404922213891134286978778549111617381783016450595910259849826404920387547708706039361175667522169
0.0001571407807376362396605983534264316304775554804135857999727903266919554604272636119667139509725424216
0.0001571410640538697214424818986664643767237944357656198237919099188041157462077099086125897276777075534
0.0001571413423542747282322377490914497385754435535444596657105164448957998714079515366548931532241399803
0.0001571416158134184517317715128996527849408343912059163353854478201763551241532978522654728650794352661
0.0001571418845969084581209857828739803396577635442857813618807858836604460510908362945101752868921748561
0.0001571421488619956455240213988861703130585075918287669310549692104611624506486309324921820566773824922
0.0001571424087581273084841981583984901856766693635385535071369435757154818568834524488470262443165534559
0.0001571426644274551839751894000554613503135829112423496419646709057622040388880280336475623678709086749
0.0001571429160053028066601960516637459998856851113285176376290903654356965446668656177718096302580537414
0.0001571431636205960233058963466142160556728935558869413215855482125892819900534727243443851846972982881
0.0001571434073962600978160232074869249052934230564208648054068604683360165135092569795522809228594427754
0.0001571436474495864710987893444601935762949565077237430117846827159828166985072613903204421656796085913
0.0001571438838925719169825370960405806758888015744525157393934951197830110808825498594770168287328236392
0.0001571441168322325507346277680213621094802287602981731446248415233061854070708292936526360501879120411
0.0001571443463708948953738195190266450075201421015018441886728277882747948247431114757108369860073706485
0.0001571445726064659885776666930080105890926598758863028360668893745362105417139210939825793634218627534
0.000157144795632684315868893234301032631232612978205812237571060142029558408450821255225488491845287795
0.0001571450155393531807323863515254456857641551175715611283410381099536327194923238950431574171119079365
0.0001571452324125579666217176337685458738772773729946032510396285109832340520945657148366961654411412588
0.0001571454463348686070893868549959401603529224777368897049856956611782401718596400761446912077424840982
0.0001571456573855284564655831576245246638285683128191605860056145131719447987986048763961914635677999853
0.0001571458656406306428357496348159826883421456846462721504499177219601905852932284542741551693417352364
0.0001571460711732828859802796898795796093836022771620128883188013811912112230666324521904813669235387394
0.0001571462740537616740928703235556892772552761261676546864905436426777566663093168841858376021187933977
0.000157146474349656613311895472971692704373253363190902900827164513175383570343277505043871331842247845
0.0001571466721260056923541935967278376306383455596153303780047770426925428664310201421582950340013064919
0.0001571468674454221399332427978662980031870938273735326887972455583911807840684633741448665903549725038
0.0001571470603682134943847077943749081936140777086342650477657425604440606811665567319232182451195345885
0.000157147250952493452318441176785695011290884776020301060906354158476496387493337447033095646517159579
0.0001571474392542870155569994526769889436040558357761228461796940633857292608607620880378503852343663313
0.0001571476253276294125686858607968978321680377552493736895491305460611553450861757983411196874233433277
0.0001571478092246592315831371723098194999068393920909790964968081296218406182708823429377040477061668529
0.0001571479909957061671695778798418291618325766951635562401586000082311996451191138342282965312435673263
0.0001571481706893737498901677571556944315093004996240137330085827281236749653810451353928504028110869457
0.0001571483483526173993835321904273629512285336488740796072567364564820304534083589047582975341506245663
0.0001571485240308181145936458070964951996573845368287743129297388893741800882118088990550276587067699592
0.0001571486977678520905761987640514686239037169562388716116750467985261357366595708446455849781311391024
0.0001571488696061565291563749197508838297215585570086117140486637840412971741177933322795366137972133544
0.000157149039586791890471685339655273198282738849664669100581052432779193672575896214588418229087138347
0.0001571492077495008139263552424102032847277627281286580984138177973472095247364634280931407001481715414
0.0001571493741327639201445550682198447677595564588451140166015416203504733017234617127050985063454326015
0.000157149538773852689990609126979661760215040384696743691740567449491498899636823906635384494626105036
0.0001571497017088796024926596653935215451748660341049422312892014881510906000045088694002655972634199277
0.0001571498629728457004431684353904840224784595187147447257889738235675537209150102967809485514461346339
0.000157150022599685740448246052887570930096267694967316634413694073149963041617167145531085623814492001
0.0001571501806223110731620041747788653026404047092631038032614992530253235534049721543275027621151197645
0.0001571503370726503892853902952845764014580302987517957397163588287477357865130716918745138157334771163
0.0001571504919816884575532860269380266967509284041495188100851297549221792141500001594926890704518594589
0.0001571506453795029723086395776721896237421450099695208268659057473183961236461538785838043541612491642
0.0001571507972952996203044803336037098502814319544692299499082082647202948688402296704730545193354473778
0.0001571509477574454690263356184143567625415317374971765461593263199007138207814600572131358122536976622
0.0001571510967935007720367980725825985215690892839825637903333842463405917067649815813656169561634617065
0.0001571512444302492805636278176953801235843590605814549969315156356948606040197957344153613893521872167
0.0001571513906937271447400569106951758086000085823872801473739460002702579614322435475547964033147138657
0.0001571515356092504825220786175968184595576902118878352863994208553962964904620068529769629147009064193
0.0001571516792014416893171821269765925688051922842063366053793499119492808660799244671525873615404713249
0.000157151821494254556730159782078707078955153501395589388978539009052220877291843421561094499280580958
0.0001571519625109982645350726301667335707020761158121127023302550092982289500185943590875401450822833167
0.0001571521022743603059916118869368792142878130148410035371769469077553890577377144394289610100440937255
0.0001571522408064284029146846711970757458982663706206147891401989578883634264079923688693135903949084446
0.0001571523781287114634559475723818413353769058166597974069378278224709591922842517165092288333171965778
0.0001571525142621596323449943686950701553343983981693347281064354351179242551585309716600908858416439808
0.0001571526492271834803474940367721897334018480668273746347303426788449230324676052873380604070499522854
0.000157152783043672376910865360255048716697570847795832638479647502783965928255232068663878859159267102
0.0001571529157310120873695858032776843503860089681757514167371407483975499071863871395380923976761118605
0.0001571530473081016336577817947886477170397293893962081674317924343947869893935951362477896110406005366
0.0001571531777933694552133297916844420826667592643342769850369117958962244509017689754269937023008644405
0.0001571533072047889046433780769774912384905419417384926277546505751781733219528576952237399316774627347
0.0001571534355598931107450186007769559896977340175266133930534143443895216018820875074837941794033846964
0.0001571535628757892396267245830212598820960094591196556167845092048620956546930490234582869665949487417
0.0001571536891691721829468607680889189611422550242520712521021922349740307631909758330296813882068273605
0.0001571538144563377006665452723488046298409054479048701213757621120766669424104230849665973270894109184
0.0001571539387531950441975451885093169520986929842021953054604170618006852147975686660464939888443731171
0.0001571540620752790844044887733655266897555718749615473552003513238641786978271395169266590877473395999
0.0001571541844377619675878046337800945575975419055880777507952129585592969685381468499611919681368680637
0.0001571543058554643213232976757298141328573822158513237864918564319408643691294797771757271710130759271
0.0001571544263428660308604594173058900934587609376727397073190705020678111271898059691485049752858222121
0.0001571545459141166056792357067924397150391235770979437356070180134151295513322721413256497318318154757
0.0001571546645830451547691835279352545879484100847879463006839085074841866184187658749172598257447859991
0.0001571547823631699882212498060457823580268926761347523502648698626216386524558948772228750006194977555
0.0001571548992677078618066423662006496828800120164096774369728914101731667197321841275819164250175997253
0.0001571550153095828803555867499472898496220727670157717492427106624647115901099360089349616013515664315
0.0001571551305014350749376049334550194419280459069491225483137670868303759628792373860569298599577563481
0.0001571552448556286680810051412303766732160464647949143540874776436826117647809793835444760937618433565
0.0001571553583842600405494668927355587973953771581967258924546907541345358238343941967272222559154471182
0.000157155471099165412515093225824414114188880576272055503811160536632335574415623433416610170714703285
0.0001571555830119282513274366366728209478476011201892641118469935132912025016663460317887549428057816511
0.0001571556941338864174743276644851066682480770797705327117487107355219615277444404645215800104014704695
0.0001571558044761390597605588647004545571772515843879403471729314925301185715145730472025317373789628876
0.0001571559140495532701924751822803948690014647351408076404017587671590128476633708194071870143529716538
0.0001571560228647705085483147352621960786700897899296248541297692045586000991559946619402765343201030941
0.0001571561309322128061338881419754261579462111057274037340075182253300041030575912409942074935047546544
0.0001571562382620887577691620579893752130714834716848505606955919385812265010637127373595582979656662463
0.0001571563448643993106219223144819178745336244085750095186950480558129906719563029333486304817353327505
0.0001571564507489433580984406174075117935714610334558198157300157213734333640028500842307830297404859516
0.0001571565559253231466165627515495701999413701489468876955308420978906822364813888344346341101513840317
0.0001571566604029495027225748296427945992207115390097967985979215298956322472978229805022638141501541593
0.000157156764191046887668372420577641891334399093040577670682919229516451774205461910640255017399835852
0.0001571568672986582862387201626868028783127793950890321601534985243463846232816334879715997971006927589
0.0001571569697346499363086854796627292973494201513715526398604725979139506422342959045203862467532925845
0.0001571570715077159053176667409154559271935425003146122345734327745356690972332723791970323707582614942
0.000157157172626382519567884967625106739811295006106635594618627084429027522479123671603686175607726236
0.0001571572730990126519908996627324875216495771596859282741610410372493778208292611523707948598255412051
0.000157157372933809873774829432635299424230853642116103965870123005488086620622459434617740551756915082
0.0001571574721388224750067440448965079687997399326356981211856113424849815273598345245204729090114773535
0.0001571575707219473592584315391466854373529037364880177283502555758828448557061993582142247935216015275
0.0001571576686909338168287616422100148768324125005671012118592410297135023825826642109833884930778707044
0.0001571577660533871811515362174990254595210213189965379752979062877981590487903772534493208823026932065
0.0001571578628167723726834486951643985208257200681141979221019769003566392360069346726569841960566115663
0.0001571579589884173344020133786029306185805429742902787570923737797872071248221377561446024913590279198
0.0001571580545755163628675518879910627202474998779298403542508207911088377832939539934010665474073399084
0.000157158149585133338636048914014394985627356111599176479347534594949808399847260997343066684242574558
0.0001571582440242048596504534162954040202809152300089458558091214441176935401315815856949454301535109954
0.0001571583378995432810863723530969653989906992280526733020541473261231592484251802655569640435334677999
0.0001571584312178396649836755622136137779255873980225683097663942373218638772226505561252411674510294632
0.0001571585239856666428579201016519033625111634685414778214161892779642126561690283315974657564681987908
0.0001571586162094811943543502126278906676328168412338427906266345507404346347313155419888614858807693692
0.0001571587078956273448821960927828228155674614079201615404038096618197188129499373161103972091490135952
0.0001571587990503387850477615275834674577966146279010135202786514155473221424783643727423396439263600412
0.0001571588896797414145910561962840046980124850326741560404068445615021568202585700213313045051406094425
0.0001571589797898558134222094687671618993956728590957573448839868376538737072103081833388438155474265486
0.0001571590693865996422503312322968514263858209392247222297447972899119949592329962920529895782351761869
0.0001571591584757899751986093840815718509473423859658629247806324338368250561899409022872103644211372444
0.0001571592470631455667050149683195677427894093364181311376024002974989740902961452906001404251652385663
0.0001571593351542890549177997406340729644592999613041608321778759045419215895412779528824589237117342696
0.0001571594227547491037088049499319637486039630510487886967695011803757994465271534600606502329049014991
0.000157159509869962485345253841462479217107915387525767619237967093926672647594909534136570020587178066
0.000157159596505276105781984358198368990931325181712177052593675264088908804398608684662336685330210234
0.0001571596826659489744608136866913581358762139487631663432630460442170962481936062507600876557413878395
0.0001571597683571541204317433548657404689836165985132932550192866973790155385908755232676309192272066471
0.0001571598535839804565418524178479189789628706216540444585273608109773131334706588396248767843681734868
0.0001571599383514345933718353729555824755770740079349861082297207058266644938546582256909994585953147283
0.0001571600226644426045370774601154340318274738050459571241247356396499445648597356481873707366352554843
0.0001571601065278517449097872108644507604801186418629678291063296227212738405100714454813590706527439296
0.0001571601899464321232608959908274021495966594773583260823739395700977462170443090271652042009886208206
0.0001571602729248783307650651036241984092091443575125772619147155785989307594073728529459174256002875277
0.0001571603554678110267590974465934554164397038005196736735511747308428228099273381286791123878290939194
0.0001571604375797784830932234129233895044235526902748635404450208814307979118685075222098435902260688787
0.00015716051926525808836601608318027889193969381339991426543762358634455801148730907371988433309659941
0.0001571606005286578132869904612938501515189194557939797213604413729666021125482696225167384520223403341
0.0001571606813743176383661623592884601941127292752515078809948823736256230689436704982391703668588727918
0.0001571607618065109450868960645111121599397592822909375545969289180423738264400276214771184170063994265
0.000157160841829445871677172178397574095639110982364543265256984856534605939693935435221187473304177662
0.0001571609214472666345548782942262476350769190091397838030928771861588441995345531376925607226083704197
0.0001571610006640548164847897961593135592694158055912583473269689700897117802251970819136592144774388578
0.0001571610794838306224484941210357423773029992309770095403555638062928576952651646473819109808004617468
0.0001571611579105541041935510220609992439176462146298017949382420754637087340190967935558765767471019408
0.0001571612359481263543946087944393031895715377471859899441806135065533473508665256055696861716962442232
0.0001571613136003906713269503581134771285612114850996292088647967518657092607402961642263877278561351909
0.0001571613908711336949219648660551763245130948351645954853613400392628644543024800586529627384471606953
0.0001571614677640865150442743116937612062824739496557491038092292251741552178693785848864516443799344192
0.0001571615442829257528016373559193504694607387907655533625101619287042385201476372173001899064571431395
0.0001571616204312746156712537638902283115169264125419907250144132898635542330756183989335640171454217733
0.0001571616962127039271996543509312529833084062909925138898458516323502869055265629948442288488487360874
0.0001571617716307331320079374080177021869936086458009082550238679136261437868080123738988575367859867855
0.0001571618466888312768096596190302997834690774170602881882338137923511548226571935358391022248424296367
0.0001571619213904179681251659736914972415897642635239435755336931394972672786850714267239639218846441963
0.0001571619957388643073535095648740163377338362429178719643846101224846955976125089974494307704264142755
0.0001571620697374938038413307416502304862188149065751495523356569020615943695597469230007821711457374035
0.0001571621433895832665670999407389607186696710166336601561333409196630878869880660520342818060616497228
0.0001571622166983636750389453849180469746607336971669141285069458003635615068743758860526032745118902561
0.0001571622896670210299848530532899451220556853874328342906133884851396930217638711725382763913979232513
0.0001571623622986971843953107397788749702268911387159057036156413957570397764982239246116904420917841595
0.0001571624345964906554604409003190857902485018636169193793711024525269807247322550448081943868404022104
0.0001571625065634574179262999837970769568531854157174085029579054110331513370089937348108681414935257295
0.000157162578202611679378287977191103838161040098945108754449485151744963009814615971946899674789038633
0.0001571626495169266379434851296058421381620686563743683329921844628938795890635689845844856035240374633
0.0001571627205093352228881885779806205094677335071763622137376116142675325028730296497607494899492877786
0.0001571627911827308185719363132662777437624824267458050043630648787234786226553593006172328567053379088
0.000157162861539967972204857088488199290603208132991599463016363373539796521056037653975147908290348863
0.0001571629315838630858412509708911984762992633144985287844586657970075049140875995956970889229181391727
0.0001571630013171950930288657247964322987239649047691812755617822856926853600147780385871313391382021436
0.0001571630707427061205203694330070737684400376184849079389818329183829273232315119749227088320218861009
0.0001571631398631021354410109394166813407456591423044920056715061482720045801395726520826943625287336351
0.0001571632086810535782943888628776074440290177969790093784054229045664283894030156800567447380984846988
0.0001571632771991959821765999140772417374554858139516730730181581466633493580634238841227516578861735318
0.0001571633454201305785577916102143298408419351292314940635598697520834652926547929263895438880014236839
0.0001571634133464248899792875036766326424229132623003489364945282325127755285483136667944351145394011903
0.000157163480980613310003969674055172076012474973733658512054204299197786406530059416451939106074105194
0.0001571635483251976707474790755322935429577029925906127546098990051089131997642145612217377690529575581
0.000157163615382647798308015596040357203372023710813941371184312282882700586300027014683640144272007555
0.0001571636821554020564030731682460157448754893912067526762571957640429424960625263237358429460309124189
0.0001571637486458678785123183313251344867561963878355270819596484440777184339623455571274141130241959359
0.000157163814856422288817001165058832095552106448348069836859994594435227126127192860509069844655759259
0.0001571638807894124122177639002942400756381115242271446699705912111045184735386584546709797509014983885
0.0001571639464471559737044736331255992252486397264766077357226520290533542980832607450670562109035458796
0.0001571640118319417873437407775063564446749983218681178202262055748950547499334789316160577103143314705
0.0001571640769460302351420839669737183240163139988377848170405556784302913631700779526331028880337791183
0.0001571641417916537360352552666331728829205356590032217584667767802934553592617667645984193748364807258
0.0001571642063710172052470373896631579732370375758169472987831801357955921138754311361506855190187020873
0.0001571642706862985042538581206819373683246951359723057386426214869693069050384479728070849352775055693
0.0001571643347396488815848276906480019626078387473610757253155599860017973691552080680769448204064181693
0.0001571643985331934046802841343981708730053772095298834524668348812702908113573103548711708728941052426
0.0001571644620690313830256217373150109358163909818297301330596819077884580899974692180046583030958147954
0.0001571645253492367827710709069722798937262171568045119998922285175423305485918277887232290251381238133
0.0001571645883758586330421868599956721019226547808486084773582849447554494691873531693043457532167963388
0.0001571646511509214241400823574639255007257987036209556274273141851827291721437832875041720367269070602
0.0001571647136764254978248995974364263085891892489886728397341194175324919132957071283942715951119727023
0.0001571647759543474298706517917171608700215149554202617258270325586815345305153233567775826970439434638
0.0001571648379866404050743696828418451764370069883002644263538985419157500320504441240877938021743193865
0.0001571648997752345848974563085309772546076902209241438606544284597472528610324020781773630900786520647
0.0001571649613220374679122789409006585297436606992553804838784621682294447896266204928877632999913716942
0.0001571650226289342432223047873151794486759870801990576708132894067823692163504118755494113389183982285
0.0001571650836977881370195114244016068881010393070520532358887298425403216062364230927337012954816292037
0.0001571651445304407524383689375397313083033581018612839087044595202212397538741863613854285921184879479
0.0001571652051287124028613934430985021862539065392891683750215318745422599352528163655355515749380391074
0.0001571652654944024388271063564000981737445539956964645701427080578780287961207245405820769418490590432
0.000157165325629289568687195892088929308395552649107092376288192278691357699296061923309878863737917962
0.0001571653855351321731557624755745122409546854531065163806902345618251417176611744332046580924238540402
0.0001571654452136686138897338006631402956108179398011088133018407688870330660967727465598439512980789973
0.0001571655046666175362358541445038024759464402922607035262868695817061479460647872269318479232458054873
0.0001571655638956781662760823540241765515414795567246333276197100514686268155181157000653065049063883026
0.0001571656229025306022997699016734002499508138754899572748058383426511690571051929954465760606350118538
0.0001571656816888361008276309661382602083534466268367016082917815761020887224143501196665328439366890263
0.0001571657402562373573092571537058816459459083021208514707041018637095119720791138368082338614504367948
0.000157165798606358781612766894901897830384862804141977835787184877310560370185106747284667137506031814
0.0001571658567408067684221105093367444805188463001572367006478716963596349889951869053817114446448121058
0.0001571659146611699626545733283393624223036075987852195137335589544256434277224102201303341833644961707
0.0001571659723690195200081281127513854419768620331462894719312516057836065412583376575916757881862692415
0.0001571660298659093627454814242311972208645094907424510667384861729152231823025095545535031096627491459
0.0001571660871533764308189338294649330717711666747081947938652671359067900013123070702296450247792331916
0.0001571661442329409284375281653560038651167882344006487878664575614002958991054868154280346145483887773
0.0001571662011061065661753909937827822366287143220228544360537694428921663790676228587419974488936852785
0.0001571662577743607987176773439217838718218550794689276536515701010663483859362572029961057671648064992
0.0001571663142391750583381054846395095676770561787552189586490074653312932497614717794160139923869037975
0.0001571663705020049841997144809216122766700168069377460805457537769340047871866563879360238483471896766
0.0001571664265642906475681904408884844196561188350087516569762050045260156368753837612763014102866550375
0.0001571664824274567730248855068746767262722706710247798553897947208588578321682449056094773346684102511
0.0001571665380929129557644947145569681863157584790552973914454786058864060046068979847616046004898968708
0.0001571665935620538750602578404828000631841083414575380701632292892934803237589912823276009526198910949
0.0001571666488362595039775143530820761912808931789138310457087397933995757170790625913074366528307973865
0.0001571667039168953154144577153645165472107905868059832316125858908502574328991942922132798908342380332
0.0001571667588053124845470087639613394926483118349601788331817262852926418999790605517987135079372845028
0.000157166813502848087752854976355199948910271234689473730509654989117927335108175755994150053562929508
0.0001571668680108252980878814635078268231272782667166916291557431835873262400329221607533120914378383865
0.0001571669223305535773864488738708190488963032840034054229911722386101066112433903855228750996322623933
0.000157166976463328865055251507772027842895780501820357783950872142728735764059492361061258616436430837
0.0001571670304104337636288143127207051221591287752721002871253196015757521327462419988276115522893873653
0.0001571670841731377211530586060624871522923512026421995885521581602117335739766217537633065601307424018
0.0001571671377526972104617819469845876634307521609670990054258702364095552879605191078154836711221986581
0.0001571671911503559054093561981665404939411432041141142941879095844148212201297951637804105559385236993
0.0001571672443673448541214481673608803244382366593071099954040256114375879196691810456728640115881785155
0.0001571672974048826493241080340599696848812410988920182933637141536521774272173881945223137189952742532
0.00015716735026417559581015082193355080181619371508304765901977654696725963422624383178117879654724126
0.0001571674029464178751003742906959595986370598721581172534308042576714509688316651944647465686285050091
0.0001571674554527917073558116477808366382705046653734511835649631360684432744451204894686687198906320512
0.0001571675077844675105959083150258911470630354914084959632345160094137330538937848659583663981019377434
0.0001571675599426040572762375595360340370458078312919344848950536631011082860413379413533208989124046747
0.0001571676119283486282781290773754308538207655457391497758835227849991686410162393339857212507273779075
0.0001571676637428371643613766041724255982693180467974461258359809208389932033229218644573047436006233879
0.0001571677153871944151300143513693110233626073897028977577123828797192438666068428627706429686173957522
0.000157167766862534085560006595621654195935932707961324284443391342018579218418675290923250630345604474
0.0001571678181699589801365791771701776275545690203823493144168998429911373306880032724348485613380143767
0.0001571678693105611446478351157121335165058092764947136811820168792322313609303787055704014497937144049
0.0001571679202854220056802381825989502215237720525727919022267724385873141503462624657434056285123512971
0.0001571679710956125078605172566547176354086612130096258726111352829098134165139598252254165091413019911
0.0001571680217421932488875398445102229801193700074788828066150059233334557771633348119082785553404928392
0.0001571680722262146123967244975044666357088685300069091870614618170881051541056161380185782975473770714
0.0001571681225487168986986082629086287129055063249103491551096281568250774720271009329662098084559922293
0.0001571681727107304534322560481671439554334796580614456020615620648889218359790512656266032559858978519
0.0001571682227132757941732931565907017272559185353760572261012960109164868720544398198419444484741411392
0.0001571682725573637350354595971159164656191092447106278201106142638798267163840929822315647796636260046
0.0001571683222439955093037244263135875106931240390569531331563715956298379732024999941394651828763304019
0.0001571683717741628901361597152992494320548867120184583432776918749662099994239509402182241473384960539
0.0001571684211488483093709561349528855390557770611172980419026814240981963080541798151654984731883815733
0.0001571684703690249744741650264416508741585347807947177814863358747032460312740640763383618599091866353
0.000157168519435656983662974595530090438352862111002499716472977897398823539339166335436783447503499707
0.0001571685683496994392385699815103462645825637281663754693684054201772345203550715016295265423812683868
0.0001571686171120985591618878650177304227015858768912412154532086408028663382473053389287719939872797527
0.0001571686657237917869048554704287082725445474078988594236904743735318504079301857183953026139193684137
0.0001571687141857078996090007810034166623024119930254697225671388966668831673992568052179786315738903036
0.0001571687624987671145826350270438623001936984482185453581000869351668339872328317492525430494922223697
0.0001571688106638811941671395527535329167749868134321236888679395626129959828242372647781061214589371292
0.0001571688586819535490022365544114672841881968491389335237552397164843310953611767037798298218672669058
0.0001571689065538793397194864631794637534329412058646460771851484444339004674511982802467093479427366113
0.0001571689542805455770926334861997329253530217268322905074642172249530888203412247112056069081267679198
0.0001571690018628312206728145986033549372048997909527180462836202926300389067851050940656826270409160193
0.0001571690493016072759360556883296472848745939050800860203393916562452527968682792034672886591093190296
0.0001571690965977368899699011992258669511180332825560870328949187018144970900402092686787767097404536235
0.0001571691437520754457254601116039788826145561898143863359126629396846512020738765822912171780033129055
0.0001571691907654706548606010706099249361924386498329868300045563075262822572736731753526938466266987416
0.000157169237638762649199492559852731289469575416034228978851361181831144762462611697831783109678947873
0.0001571692843727840708331598699329601066355929245383330988359204665236641730551996185818740056065940613
0.0001571693309683601608852188883845216730394568821806168660172183395680290906047973975474737171512800767
0.0001571693774263088469664471087399909795562534354144781459043882438623023207172833377135605688510373767
0.000157169423747440829341364401317909474063217357475036697943665921483048744378248476331210902352632502
0.0001571694699325596658295196956986133536987174370689900302324008780766826038784230804192787443535622504
0.0001571695159824618554637144926040073075809685405739862648619281744699327343711172898405156969452263387
0.0001571695618979369209269397577483515680727957105794717927884223619768986294807676407867827263759280834
0.0001571696076797674897893589674418767535985766925940984380338706044701928722543628492284804447428918479
0.0001571696533287293745662365988329340969655311742403012235138003164951887610778147910424261439735336819
0.0001571696988455916516172879181960207765855503782078832367022801892415402775871686343411996403686547106
0.0001571697442311167389075122578894636408764341963662800275467073056303500705891320413219635434180185975
0.0001571697894860604726491678332980621826525276356779102408449841257728930581280390710624240172907458363
0.0001571698346111721828441512892891927139397430617394671247850083931526058236576976811908742419142552707
0.0001571698796071947677456593425300061965653983903024276095222517674399857040602564152772345470809652258
0.0001571699244748647672576328693394145217664884502125121189281185518180878599743608506672033664406615153
0.0001571699692149124352901153530859745353764500951044660725265772080677727957551592679667868541141156197
0.0001571700138280618110882975313933084424751701784680504844326491680219679516848466824223388461074651473
0.0001571700583150307895526681586783687606065201411031675766971957307365500316700233753138474873678469898
0.0001571701026765311905673468169306135074976462957414974587461399180335962306697071504009600471798412874
0.0001571701469132688273533384660680256374117165439403024313722649553467499810692571658121217005976395918
0.0001571701910259435738631207292453964993833849381740318605314703882511994365338266248300962482234288838
0.0001571702350152494312326535681748240404912184300541496099568934091280640486031447218759159934380129557
0.0001571702788818745933065868341805488500338051559266758752096805382618745769377693080304813825283957068
0.0001571703226265015112521340028196768424407017825841396440031028886724708238727548344333656400133574907
0.0001571703662498069572767800389068891109067927889731630237273035879298422999681118992276137014822953377
0.0001571704097524620874646976249634996623907338130206123298994735234971445625855736665920038291243483974
0.0001571704531351325037464587544299485620203980816429572931639792532495923127336755285938037678772678496
0.0001571704963984783150163477809372492370832101339091466307536028761117316896445669995059172843897745831
0.0001571705395431541974113072704317306124290393025972430985890190046673679500027477537687338347417157238
0.0001571705825698094537652792721642303781222495805312937326014902693986695826748546285767122639560202911
0.0001571706254790880722524417598080325580266805224690419864665974280824030159039636810901806311104921742
0.0001571706682716287842325828515963466262732932633451193831914647568537726378270861276921373939209407772
0.0001571707109480651213116038586057934538081876073335053687466219302430137869516655346975778771851436209
0.0001571707535090254716298960971756715429393484619331412227225268655481079481434627111262614918370305884
0.0001571707959551331353910956026325692116157737876991602427764811383675187767761907059739874169071635024
0.0001571708382870063796434842682366925162196288650339362497285204309201909587251129086903336127990391309
0.0001571708805052584923260753802871243702847496462388498609605278000611306174428740039825974693874282957
0.0001571709226104978355911959056798461191013711436906050650966305735063939970137125131802869828343339714
0.0001571709646033278984151570932226257979476584404706624104450600589517636054243743028153339235644630425
0.0001571710064843473485083888591534616379377898469999340463570251987274155935782922345596056351356166944
0.0001571710482541500835362019281312357179570169147644831124823359567944533164342050357984852384371112691
0.0001571710899133252816611346839946531134938185351205088944333938755987905816855794085373941760811939624
0.0001571711314624574514176390432369101053457209645494754854057089172654205621280792820122459055673372176
0.0001571711729021264809296612946459240297921666010569114616965211586058389363228016744242714042447672639
0.0001571712142329076864814796498678218146401192367026973898954952033025991268820155437932486950876690243
0.0001571712554553718604519701233679167594399635073408355395269629943002627612855236414454436095887145083
0.0001571712965700853186222862105643580145852864503145070953480814399173684318771203988195001450048753585
0.0001571713375776099468667555664695380370618443196452930554849443351909418246630360242009532714183371175
0.0001571713784785032472366184130949934289234174007164488973141453845683188903924176292755065429506553688
0.0001571714192733183834460576336167532951796874015887140891642365404692304969318021073335602952158701713
0.000157171459962604225769799358610598494021646445530765375378560964689100325835213649488669094557223186
0.0001571715005469053953613952305270845423836825024249423010250221587580828035003668665194871278228485116
0.0001571715410267623080011333651238819129818267857851036225817005796748431568119891303084699874600368517
0.0001571715814027112172823642330491891063060813904042145674129730590901654729571927985587067226419950945
0.00015717162167528425724487018345841603234438675943506420640694631724284024811185326695526711907316437
0.0001571716618450094844637530487159163962247594795744002776379587886571368712943889084405765585812498442
0.0001571717019124109196021631310826878095508875879215754317399875814813073015156913648957696425148563104
0.0001571717418780085884360448068936579138992900140736780410203748812056358045960057193024535902693232369
0.0001571717817423185623589289209817156899721497559279898580897454240214141825200575800594065657313287129
0.0001571718215058529983746600156798794613645142019949785830424321994198252110927606320245971946353602127
0.000157171861169120178585807178021157461667175444698738898146730538435740414433970526481990576106906722
0.0001571719007326245491853708308266910363800890896922667675495279161165327544767613312430996663462518003
0.0001571719401968667589592640749250526992778217735280575861463987598468812946406711356890474185689022113
0.0001571719795623436973069161490620522924199496875106568000242581276854892996150288094258589259961432893